48
0.0000 38.8000 29.7000 37.4000 76.8000 106.0000 170.0000 26.4000 42.4000 26.8000 49.9000 45.9000 186.0000 139.0000 253.0000 186.0000 163.0000 212.0000 166.0000 147.0000 80.9000 122.0000 42.4000 143.0000 155.0000 226.0000 135.0000 161.0000 159.0000 138.0000 179.0000 210.0000 182.0000 196.0000 200.0000 180.0000 157.0000 119.0000 177.0000 147.0000 79.9000 225.0000 189.0000 132.0000 200.0000 169.0000 181.0000 142.0000
38.8000 0.0000 31.5000 39.3000 50.7000 108.0000 205.0000 60.9000 77.0000 62.4000 43.2000 80.5000 165.0000 97.8000 250.0000 226.0000 204.0000 208.0000 207.0000 188.0000 114.0000 162.0000 47.9000 101.0000 195.0000 267.0000 141.0000 158.0000 117.0000 143.0000 219.0000 251.0000 222.0000 237.0000 241.0000 220.0000 193.0000 159.0000 218.0000 187.0000 105.0000 266.0000 147.0000 128.0000 197.0000 127.0000 222.0000 182.0000
29.7000 31.5000 0.0000 9.9000 82.2000 79.0000 196.0000 51.8000 67.8000 53.2000 67.7000 71.3000 183.0000 116.0000 242.0000 210.0000 187.0000 201.0000 190.0000 171.0000 97.0000 146.0000 31.2000 120.0000 179.0000 250.0000 124.0000 150.0000 135.0000 126.0000 202.0000 234.0000 206.0000 220.0000 224.0000 204.0000 181.0000 142.0000 201.0000 170.0000 88.1000 258.0000 165.0000 121.0000 189.0000 146.0000 205.0000 165.0000
37.4000 39.3000 9.9000 0.0000 73.3000 73.4000 204.0000 59.5000 75.6000 60.9000 82.3000 79.1000 204.0000 135.0000 223.0000 218.0000 196.0000 182.0000 199.0000 180.0000 86.2000 154.0000 28.2000 141.0000 188.0000 259.0000 105.0000 131.0000 156.0000 100.0000 211.0000 243.0000 215.0000 229.0000 233.0000 212.0000 190.0000 151.0000 210.0000 179.0000 69.0000 258.0000 186.0000 102.0000 170.0000 162.0000 214.0000 174.0000
76.8000 50.7000 82.2000 73.3000 0.0000 228.0000 128.0000 99.3000 115.0000 83.6000 51.1000 113.0000 134.0000 53.2000 207.0000 240.0000 229.0000 165.0000 241.0000 222.0000 158.0000 187.0000 91.9000 70.9000 239.0000 258.0000 171.0000 115.0000 86.4000 173.0000 263.0000 242.0000 220.0000 252.0000 230.0000 255.0000 163.0000 205.0000 208.0000 231.0000 74.8000 250.0000 116.0000 85.4000 154.0000 56.3000 173.0000 226.0000
106.0000 108.0000 79.0000 73.4000 228.0000 0.0000 272.0000 128.0000 144.0000 130.0000 151.0000 148.0000 270.0000 190.0000 192.0000 286.0000 263.0000 152.0000 267.0000 247.0000 162.0000 222.0000 95.9000 207.0000 255.0000 327.0000 36.3000 78.6000 224.0000 42.1000 279.0000 311.0000 282.0000 297.0000 301.0000 280.0000 257.0000 219.0000 278.0000 247.0000 54.7000 333.0000 251.0000 65.5000 172.0000 184.0000 280.0000 242.0000
170.0000 205.0000 196.0000 204.0000 128.0000 272.0000 0.0000 166.0000 151.0000 159.0000 184.0000 130.0000 122.0000 272.0000 433.0000 40.3000 18.8000 392.0000 20.6000 39.2000 167.0000 84.0000 222.0000 186.0000 39.4000 79.0000 315.0000 341.0000 215.0000 272.0000 23.9000 63.0000 51.5000 48.2000 104.0000 84.5000 93.9000 78.0000 81.1000 59.6000 279.0000 86.8000 245.0000 312.0000 380.0000 307.0000 118.0000 69.2000
26.4000 60.9000 51.8000 59.5000 99.3000 128.0000 166.0000 0.0000 16.1000 28.1000 71.2000 43.1000 189.0000 175.0000 290.0000 192.0000 166.0000 249.0000 172.0000 150.0000 50.0000 100.0000 40.1000 179.0000 149.0000 230.0000 172.0000 198.0000 172.0000 108.0000 173.0000 214.0000 185.0000 200.0000 204.0000 183.0000 161.0000 122.0000 181.0000 150.0000 136.0000 229.0000 202.0000 169.0000 237.0000 205.0000 185.0000 122.0000
42.4000 77.0000 67.8000 75.6000 115.0000 144.0000 151.0000 16.1000 0.0000 27.3000 62.3000 29.8000 170.0000 186.0000 319.0000 173.0000 147.0000 278.0000 153.0000 131.0000 51.5000 71.0000 75.9000 124.0000 120.0000 211.0000 201.0000 227.0000 153.0000 130.0000 143.0000 195.0000 166.0000 181.0000 185.0000 129.0000 142.0000 103.0000 162.0000 98.0000 158.0000 210.0000 183.0000 198.0000 266.0000 235.0000 166.0000 93.1000
26.8000 62.4000 53.2000 60.9000 83.6000 130.0000 159.0000 28.1000 27.3000 0.0000 35.1000 29.8000 170.0000 153.0000 268.0000 173.0000 148.0000 226.0000 153.0000 132.0000 83.7000 108.0000 56.9000 157.0000 140.0000 211.0000 150.0000 176.0000 141.0000 142.0000 163.0000 195.0000 167.0000 181.0000 185.0000 165.0000 142.0000 103.0000 162.0000 131.0000 114.0000 210.0000 171.0000 146.0000 215.0000 183.0000 166.0000 126.0000
49.9000 43.2000 67.7000 82.3000 51.1000 151.0000 184.0000 71.2000 62.3000 35.1000 0.0000 64.9000 139.0000 122.0000 275.0000 202.0000 176.0000 233.0000 182.0000 160.0000 126.0000 136.0000 92.2000 126.0000 168.0000 239.0000 186.0000 182.0000 134.0000 187.0000 192.0000 221.0000 195.0000 209.0000 213.0000 184.0000 170.0000 132.0000 190.0000 160.0000 149.0000 247.0000 164.0000 153.0000 221.0000 152.0000 194.0000 155.0000
45.9000 80.5000 71.3000 79.1000 113.0000 148.0000 130.0000 43.1000 29.8000 29.8000 64.9000 0.0000 146.0000 186.0000 311.0000 149.0000 123.0000 269.0000 129.0000 107.0000 88.3000 83.1000 99.8000 90.2000 115.0000 186.0000 194.0000 218.0000 119.0000 195.0000 139.0000 168.0000 143.0000 157.0000 161.0000 133.0000 117.0000 78.8000 138.0000 107.0000 159.0000 186.0000 149.0000 189.0000 258.0000 208.0000 142.0000 102.0000
186.0000 165.0000 183.0000 204.0000 134.0000 270.0000 122.0000 189.0000 170.0000 170.0000 139.0000 146.0000 0.0000 150.0000 340.0000 106.0000 104.0000 299.0000 110.0000 88.1000 215.0000 122.0000 227.0000 64.0000 125.0000 127.0000 275.0000 248.0000 93.0000 277.0000 128.0000 109.0000 85.5000 117.0000 95.9000 180.0000 28.6000 70.8000 73.5000 146.0000 208.0000 116.0000 123.0000 219.0000 265.0000 184.0000 52.1000 141.0000
139.0000 97.8000 116.0000 135.0000 53.2000 190.0000 272.0000 175.0000 186.0000 153.0000 122.0000 186.0000 150.0000 0.0000 198.0000 257.0000 255.0000 156.0000 261.0000 239.0000 212.0000 251.0000 146.0000 87.6000 278.0000 278.0000 226.0000 166.0000 58.2000 228.0000 279.0000 260.0000 237.0000 268.0000 247.0000 290.0000 179.0000 200.0000 224.0000 266.0000 128.0000 266.0000 62.0000 139.0000 113.0000 32.6000 189.0000 261.0000
253.0000 250.0000 242.0000 223.0000 207.0000 192.0000 433.0000 290.0000 319.0000 268.0000 275.0000 311.0000 340.0000 198.0000 0.0000 441.0000 415.0000 42.3000 421.0000 399.0000 314.0000 356.0000 248.0000 277.0000 407.0000 467.0000 220.0000 114.0000 256.0000 234.0000 431.0000 460.0000 426.0000 449.0000 436.0000 423.0000 369.0000 371.0000 414.0000 399.0000 191.0000 456.0000 266.0000 151.0000 88.0000 169.0000 379.0000 394.0000
186.0000 226.0000 210.0000 218.0000 240.0000 286.0000 40.3000 192.0000 173.0000 173.0000 202.0000 149.0000 106.0000 257.0000 441.0000 0.0000 42.3000 397.0000 19.7000 44.0000 194.0000 110.0000 227.0000 170.0000 63.5000 41.5000 321.0000 346.0000 199.0000 322.0000 58.8000 23.5000 21.9000 11.8000 69.4000 124.0000 77.9000 85.5000 46.3000 85.9000 287.0000 50.1000 229.0000 319.0000 371.0000 291.0000 81.2000 95.6000
163.0000 204.0000 187.0000 196.0000 229.0000 263.0000 18.8000 166.0000 147.0000 148.0000 176.0000 123.0000 104.0000 255.0000 415.0000 42.3000 0.0000 374.0000 24.5000 21.2000 152.0000 68.2000 204.0000 168.0000 21.2000 81.9000 298.0000 323.0000 197.0000 253.0000 24.5000 63.8000 38.7000 52.1000 91.6000 83.9000 75.7000 59.8000 68.7000 41.5000 261.0000 90.6000 227.0000 294.0000 362.0000 288.0000 100.0000 51.1000
212.0000 208.0000 201.0000 182.0000 165.0000 152.0000 392.0000 249.0000 278.0000 226.0000 233.0000 269.0000 299.0000 156.0000 42.3000 397.0000 374.0000 0.0000 379.0000 358.0000 272.0000 323.0000 206.0000 235.0000 365.0000 425.0000 180.0000 74.1000 215.0000 194.0000 389.0000 407.0000 384.0000 407.0000 394.0000 381.0000 327.0000 329.0000 372.0000 358.0000 149.0000 414.0000 225.0000 110.0000 46.5000 128.0000 337.0000 353.0000
166.0000 207.0000 190.0000 199.0000 241.0000 267.0000 20.6000 172.0000 153.0000 153.0000 182.0000 129.0000 110.0000 261.0000 421.0000 19.7000 24.5000 379.0000 0.0000 24.5000 174.0000 91.0000 208.0000 171.0000 44.0000 59.8000 302.0000 326.0000 200.0000 276.0000 41.2000 41.8000 38.6000 30.0000 81.4000 106.0000 81.4000 65.5000 62.3000 65.9000 267.0000 68.0000 233.0000 299.0000 368.0000 294.0000 97.2000 75.6000
147.0000 188.0000 171.0000 180.0000 222.0000 247.0000 39.2000 150.0000 131.0000 132.0000 160.0000 107.0000 88.1000 239.0000 399.0000 44.0000 21.2000 358.0000 24.5000 0.0000 167.0000 83.2000 188.0000 152.0000 42.4000 84.3000 282.0000 307.0000 181.0000 268.0000 45.3000 66.2000 28.3000 54.5000 81.2000 105.0000 59.7000 43.8000 58.3000 62.7000 245.0000 92.3000 211.0000 278.0000 346.0000 272.0000 84.0000 72.3000
80.9000 114.0000 97.0000 86.2000 158.0000 162.0000 167.0000 50.0000 51.5000 83.7000 126.0000 88.3000 215.0000 212.0000 314.0000 194.0000 152.0000 272.0000 174.0000 167.0000 0.0000 83.5000 74.7000 215.0000 132.0000 234.0000 197.0000 222.0000 198.0000 102.0000 157.0000 216.0000 190.0000 204.0000 220.0000 142.0000 177.0000 138.0000 197.0000 111.0000 160.0000 245.0000 228.0000 192.0000 261.0000 241.0000 201.0000 106.0000
122.0000 162.0000 146.0000 154.0000 187.0000 222.0000 84.0000 100.0000 71.0000 108.0000 136.0000 83.1000 122.0000 251.0000 356.0000 110.0000 68.2000 323.0000 91.0000 83.2000 83.5000 0.0000 146.0000 158.0000 48.8000 150.0000 248.0000 273.0000 185.0000 185.0000 73.0000 132.0000 107.0000 120.0000 135.0000 58.1000 93.3000 54.7000 114.0000 27.1000 211.0000 161.0000 218.0000 243.0000 312.0000 262.0000 118.0000 22.1000
42.4000 47.9000 31.2000 28.2000 91.9000 95.9000 222.0000 40.1000 75.9000 56.9000 92.2000 99.8000 227.0000 146.0000 248.0000 227.0000 204.0000 206.0000 208.0000 188.0000 74.7000 146.0000 0.0000 149.0000 196.0000 267.0000 131.0000 156.0000 165.0000 132.0000 220.0000 249.0000 224.0000 238.0000 242.0000 212.0000 198.0000 160.0000 219.0000 173.0000 93.7000 267.0000 195.0000 126.0000 195.0000 175.0000 223.0000 168.0000
143.0000 101.0000 120.0000 141.0000 70.9000 207.0000 186.0000 179.0000 124.0000 157.0000 126.0000 90.2000 64.0000 87.6000 277.0000 170.0000 168.0000 235.0000 171.0000 152.0000 215.0000 158.0000 149.0000 0.0000 172.0000 191.0000 242.0000 185.0000 29.7000 243.0000 192.0000 173.0000 150.0000 181.0000 160.0000 221.0000 92.6000 113.0000 138.0000 183.0000 144.0000 180.0000 59.5000 155.0000 202.0000 121.0000 103.0000 178.0000
155.0000 195.0000 179.0000 188.0000 239.0000 255.0000 39.4000 149.0000 120.0000 140.0000 168.0000 115.0000 125.0000 278.0000 407.0000 63.5000 21.2000 365.0000 44.0000 42.4000 132.0000 48.8000 196.0000 172.0000 0.0000 103.0000 290.0000 315.0000 201.0000 234.0000 23.6000 85.1000 59.9000 73.3000 113.0000 63.0000 96.9000 60.3000 89.9000 22.0000 253.0000 112.0000 231.0000 285.0000 354.0000 292.0000 121.0000 31.7000
226.0000 267.0000 250.0000 259.0000 258.0000 327.0000 79.0000 230.0000 211.0000 211.0000 239.0000 186.0000 127.0000 278.0000 467.0000 41.5000 81.9000 425.0000 59.8000 84.3000 234.0000 150.0000 267.0000 191.0000 103.0000 0.0000 362.0000 372.0000 217.0000 363.0000 99.2000 19.0000 63.5000 50.8000 45.8000 164.0000 99.2000 117.0000 53.8000 123.0000 324.0000 12.7000 228.0000 345.0000 392.0000 309.0000 88.0000 133.0000
135.0000 141.0000 124.0000 105.0000 171.0000 36.3000 315.0000 172.0000 201.0000 150.0000 186.0000 194.0000 275.0000 226.0000 220.0000 321.0000 298.0000 180.0000 302.0000 282.0000 197.0000 248.0000 131.0000 242.0000 290.0000 362.0000 0.0000 104.0000 250.0000 81.4000 313.0000 342.0000 317.0000 330.0000 334.0000 305.0000 292.0000 254.0000 313.0000 282.0000 88.8000 361.0000 288.0000 96.5000 203.0000 215.0000 317.0000 277.0000
161.0000 158.0000 150.0000 131.0000 115.0000 78.6000 341.0000 198.0000 227.0000 176.0000 182.0000 218.0000 248.0000 166.0000 114.0000 346.0000 323.0000 74.1000 326.0000 307.0000 222.0000 273.0000 156.0000 185.0000 315.0000 372.0000 104.0000 0.0000 200.0000 127.0000 339.0000 368.0000 333.0000 356.0000 344.0000 331.0000 276.0000 279.0000 321.0000 307.0000 97.5000 363.0000 230.0000 46.9000 120.0000 148.0000 287.0000 302.0000
159.0000 117.0000 135.0000 156.0000 86.4000 224.0000 215.0000 172.0000 153.0000 141.0000 134.0000 119.0000 93.0000 58.2000 256.0000 199.0000 197.0000 215.0000 200.0000 181.0000 198.0000 185.0000 165.0000 29.7000 201.0000 217.0000 250.0000 200.0000 0.0000 259.0000 221.0000 202.0000 178.0000 210.0000 189.0000 250.0000 122.0000 142.0000 166.0000 212.0000 160.0000 209.0000 30.5000 171.0000 172.0000 91.4000 132.0000 207.0000
138.0000 143.0000 126.0000 100.0000 173.0000 42.1000 272.0000 108.0000 130.0000 142.0000 187.0000 195.0000 277.0000 228.0000 234.0000 322.0000 253.0000 194.0000 276.0000 268.0000 102.0000 185.0000 132.0000 243.0000 234.0000 363.0000 81.4000 127.0000 259.0000 0.0000 258.0000 344.0000 292.0000 333.0000 337.0000 243.0000 294.0000 240.0000 314.0000 212.0000 92.3000 362.0000 289.0000 108.0000 215.0000 227.0000 318.0000 207.0000
179.0000 219.0000 202.0000 211.0000 263.0000 279.0000 23.9000 173.0000 143.0000 163.0000 192.0000 139.0000 128.0000 279.0000 431.0000 58.8000 24.5000 389.0000 41.2000 45.3000 157.0000 73.0000 220.0000 192.0000 23.6000 99.2000 313.0000 339.0000 221.0000 258.0000 0.0000 81.3000 63.9000 69.6000 117.0000 74.3000 99.8000 84.4000 92.7000 45.6000 277.0000 107.0000 251.0000 310.0000 378.0000 312.0000 124.0000 55.2000
210.0000 251.0000 234.0000 243.0000 242.0000 311.0000 63.0000 214.0000 195.0000 195.0000 221.0000 168.0000 109.0000 260.0000 460.0000 23.5000 63.8000 407.0000 41.8000 66.2000 216.0000 132.0000 249.0000 173.0000 85.1000 19.0000 342.0000 368.0000 202.0000 344.0000 81.3000 0.0000 47.5000 34.8000 39.1000 148.0000 81.1000 98.5000 35.8000 105.0000 306.0000 28.8000 229.0000 327.0000 374.0000 293.0000 70.0000 115.0000
182.0000 222.0000 206.0000 215.0000 220.0000 282.0000 51.5000 185.0000 166.0000 167.0000 195.0000 143.0000 85.5000 237.0000 426.0000 21.9000 38.7000 384.0000 38.6000 28.3000 190.0000 107.0000 224.0000 150.0000 59.9000 63.5000 317.0000 333.0000 178.0000 292.0000 63.9000 47.5000 0.0000 34.3000 53.4000 123.0000 57.1000 68.9000 30.5000 80.1000 281.0000 71.4000 209.0000 304.0000 351.0000 270.0000 65.2000 89.8000
196.0000 237.0000 220.0000 229.0000 252.0000 297.0000 48.2000 200.0000 181.0000 181.0000 209.0000 157.0000 117.0000 268.0000 449.0000 11.8000 52.1000 407.0000 30.0000 54.5000 204.0000 120.0000 238.0000 181.0000 73.3000 50.8000 330.0000 356.0000 210.0000 333.0000 69.6000 34.8000 34.3000 0.0000 77.7000 134.0000 89.0000 93.1000 54.9000 93.5000 294.0000 58.7000 240.0000 327.0000 383.0000 302.0000 89.5000 103.0000
200.0000 241.0000 224.0000 233.0000 230.0000 301.0000 104.0000 204.0000 185.0000 185.0000 213.0000 161.0000 95.9000 247.0000 436.0000 69.4000 91.6000 394.0000 81.4000 81.2000 220.0000 135.0000 242.0000 160.0000 113.0000 45.8000 334.0000 344.0000 189.0000 337.0000 117.0000 39.1000 53.4000 77.7000 0.0000 180.0000 68.2000 85.6000 23.0000 133.0000 299.0000 33.3000 200.0000 314.0000 361.0000 280.0000 57.1000 143.0000
180.0000 220.0000 204.0000 212.0000 255.0000 280.0000 84.5000 183.0000 129.0000 165.0000 184.0000 133.0000 180.0000 290.0000 423.0000 124.0000 83.9000 381.0000 106.0000 105.0000 142.0000 58.1000 212.0000 221.0000 63.0000 164.0000 305.0000 331.0000 250.0000 243.0000 74.3000 148.0000 123.0000 134.0000 180.0000 0.0000 151.0000 113.0000 157.0000 64.8000 269.0000 172.0000 276.0000 301.0000 370.0000 320.0000 176.0000 72.0000
157.0000 193.0000 181.0000 190.0000 163.0000 257.0000 93.9000 161.0000 142.0000 142.0000 170.0000 117.0000 28.6000 179.0000 369.0000 77.9000 75.7000 327.0000 81.4000 59.7000 177.0000 93.3000 198.0000 92.6000 96.9000 99.2000 292.0000 276.0000 122.0000 294.0000 99.8000 81.1000 57.1000 89.0000 68.2000 151.0000 0.0000 42.5000 45.8000 117.0000 237.0000 87.9000 144.0000 247.0000 294.0000 213.0000 21.1000 112.0000
119.0000 159.0000 142.0000 151.0000 205.0000 219.0000 78.0000 122.0000 103.0000 103.0000 132.0000 78.8000 70.8000 200.0000 371.0000 85.5000 59.8000 329.0000 65.5000 43.8000 138.0000 54.7000 160.0000 113.0000 60.3000 117.0000 254.0000 279.0000 142.0000 240.0000 84.4000 98.5000 68.9000 93.1000 85.6000 113.0000 42.5000 0.0000 62.7000 78.6000 217.0000 111.0000 172.0000 249.0000 318.0000 233.0000 66.7000 73.6000
177.0000 218.0000 201.0000 210.0000 208.0000 278.0000 81.1000 181.0000 162.0000 162.0000 190.0000 138.0000 73.5000 224.0000 414.0000 46.3000 68.7000 372.0000 62.3000 58.3000 197.0000 114.0000 219.0000 138.0000 89.9000 53.8000 313.0000 321.0000 166.0000 314.0000 92.7000 35.8000 30.5000 54.9000 23.0000 157.0000 45.8000 62.7000 0.0000 110.0000 276.0000 47.9000 197.0000 292.0000 339.0000 258.0000 34.6000 120.0000
147.0000 187.0000 170.0000 179.0000 231.0000 247.0000 59.6000 150.0000 98.0000 131.0000 160.0000 107.0000 146.0000 266.0000 399.0000 85.9000 41.5000 358.0000 65.9000 62.7000 111.0000 27.1000 173.0000 183.0000 22.0000 123.0000 282.0000 307.0000 212.0000 212.0000 45.6000 105.0000 80.1000 93.5000 133.0000 64.8000 117.0000 78.6000 110.0000 0.0000 245.0000 132.0000 242.0000 277.0000 346.0000 296.0000 141.0000 9.9000
79.9000 105.0000 88.1000 69.0000 74.8000 54.7000 279.0000 136.0000 158.0000 114.0000 149.0000 159.0000 208.0000 128.0000 191.0000 287.0000 261.0000 149.0000 267.0000 245.0000 160.0000 211.0000 93.7000 144.0000 253.0000 324.0000 88.8000 97.5000 160.0000 92.3000 277.0000 306.0000 281.0000 294.0000 299.0000 269.0000 237.0000 217.0000 276.0000 245.0000 0.0000 323.0000 190.0000 61.8000 138.0000 137.0000 247.0000 240.0000
225.0000 266.0000 258.0000 258.0000 250.0000 333.0000 86.8000 229.0000 210.0000 210.0000 247.0000 186.0000 116.0000 266.0000 456.0000 50.1000 90.6000 414.0000 68.0000 92.3000 245.0000 161.0000 267.0000 180.0000 112.0000 12.7000 361.0000 363.0000 209.0000 362.0000 107.0000 28.8000 71.4000 58.7000 33.3000 172.0000 87.9000 111.0000 47.9000 132.0000 323.0000 0.0000 215.0000 334.0000 381.0000 296.0000 76.9000 142.0000
189.0000 147.0000 165.0000 186.0000 116.0000 251.0000 245.0000 202.0000 183.0000 171.0000 164.0000 149.0000 123.0000 62.0000 266.0000 229.0000 227.0000 225.0000 233.0000 211.0000 228.0000 218.0000 195.0000 59.5000 231.0000 228.0000 288.0000 230.0000 30.5000 289.0000 251.0000 229.0000 209.0000 240.0000 200.0000 276.0000 144.0000 172.0000 197.0000 242.0000 190.0000 215.0000 0.0000 195.0000 182.0000 101.0000 162.0000 237.0000
132.0000 128.0000 121.0000 102.0000 85.4000 65.5000 312.0000 169.0000 198.0000 146.0000 153.0000 189.0000 219.0000 139.0000 151.0000 319.0000 294.0000 110.0000 299.0000 278.0000 192.0000 243.0000 126.0000 155.0000 285.0000 345.0000 96.5000 46.9000 171.0000 108.0000 310.0000 327.0000 304.0000 327.0000 314.0000 301.0000 247.0000 249.0000 292.0000 277.0000 61.8000 334.0000 195.0000 0.0000 106.0000 118.0000 257.0000 273.0000
200.0000 197.0000 189.0000 170.0000 154.0000 172.0000 380.0000 237.0000 266.0000 215.0000 221.0000 258.0000 265.0000 113.0000 88.0000 371.0000 362.0000 46.5000 368.0000 346.0000 261.0000 312.0000 195.0000 202.0000 354.0000 392.0000 203.0000 120.0000 172.0000 215.0000 378.0000 374.0000 351.0000 383.0000 361.0000 370.0000 294.0000 318.0000 339.0000 346.0000 138.0000 381.0000 182.0000 106.0000 0.0000 95.7000 305.0000 341.0000
169.0000 127.0000 146.0000 162.0000 56.3000 184.0000 307.0000 205.0000 235.0000 183.0000 152.0000 208.0000 184.0000 32.6000 169.0000 291.0000 288.0000 128.0000 294.0000 272.0000 241.0000 262.0000 175.0000 121.0000 292.0000 309.0000 215.0000 148.0000 91.4000 227.0000 312.0000 293.0000 270.0000 302.0000 280.0000 320.0000 213.0000 233.0000 258.0000 296.0000 137.0000 296.0000 101.0000 118.0000 95.7000 0.0000 224.0000 291.0000
181.0000 222.0000 205.0000 214.0000 173.0000 280.0000 118.0000 185.0000 166.0000 166.0000 194.0000 142.0000 52.1000 189.0000 379.0000 81.2000 100.0000 337.0000 97.2000 84.0000 201.0000 118.0000 223.0000 103.0000 121.0000 88.0000 317.0000 287.0000 132.0000 318.0000 124.0000 70.0000 65.2000 89.5000 57.1000 176.0000 21.1000 66.7000 34.6000 141.0000 247.0000 76.9000 162.0000 257.0000 305.0000 224.0000 0.0000 136.0000
142.0000 182.0000 165.0000 174.0000 226.0000 242.0000 69.2000 122.0000 93.1000 126.0000 155.0000 102.0000 141.0000 261.0000 394.0000 95.6000 51.1000 353.0000 75.6000 72.3000 106.0000 22.1000 168.0000 178.0000 31.7000 133.0000 277.0000 302.0000 207.0000 207.0000 55.2000 115.0000 89.8000 103.0000 143.0000 72.0000 112.0000 73.6000 120.0000 9.9000 240.0000 142.0000 237.0000 273.0000 341.0000 291.0000 136.0000 0.0000
